{
    "OtrhograpicSize": 625,
    "PositionX": 4596.02001953125,
    "PositionY": -72.44999694824219,
    "PositionZ": -1669.0
}