{
    "OtrhograpicSize": 783,
    "PositionX": 4531.7001953125,
    "PositionY": -72.44999694824219,
    "PositionZ": -1602.8583984375
}